0	18	765
0	36	3045
0	70	2968
0	73	1593
0	102	860
0	135	1543
0	137	10454
0	145	813
0	151	3505
0	155	2898
0	171	1745
0	175	3593
0	196	922
0	197	553
0	206	459
0	239	1744
0	251	9464
0	268	543
0	351	881
0	365	4077
0	374	894
0	397	1971
0	427	3320
0	432	531
0	438	3373
0	447	8591
0	448	461
0	461	1476
0	481	12535
0	483	3775
0	502	1689
2	3	827
2	6	612
2	8	962
2	12	799
2	38	797
2	102	720
2	103	531
2	117	329
2	135	997
2	136	321
2	145	965
2	155	336
2	175	585
2	193	398
2	196	628
2	206	726
2	239	505
2	268	1211
2	274	531
2	279	447
2	297	774
2	359	311
2	373	766
2	374	776
2	397	362
2	411	352
2	420	748
2	427	1136
2	438	818
2	461	489
2	463	672
2	467	586
2	483	792
3	2	827
3	4	371
3	6	2325
3	12	2053
3	18	4660
3	34	1168
3	36	7653
3	38	8790
3	39	3007
3	57	1611
3	73	355
3	78	747
3	83	960
3	100	671
3	102	10423
3	111	4505
3	117	6837
3	119	262
3	121	5215
3	123	285
3	130	945
3	135	7462
3	136	5777
3	140	1189
3	145	16884
3	155	3626
3	171	14432
3	175	13770
3	176	2718
3	181	628
3	187	799
3	193	14129
3	196	5611
3	197	9019
3	201	903
3	206	7156
3	231	9278
3	239	6341
3	246	406
3	249	7940
3	268	7354
3	274	737
3	279	527
3	332	2211
3	344	1018
3	359	1576
3	362	2576
3	364	1558
3	365	291
3	368	2473
3	373	1512
3	374	16077
3	404	1517
3	411	3953
3	424	451
3	427	14773
3	438	4321
3	443	558
3	447	2156
3	453	360
3	461	16089
3	463	2808
3	467	4530
3	483	3707
3	486	511
3	500	1153
4	3	371
4	18	630
4	38	582
4	39	790
4	55	602
4	57	461
4	69	443
4	102	998
4	103	425
4	111	694
4	117	587
4	135	961
4	137	544
4	145	1184
4	171	1061
4	175	572
4	178	701
4	193	637
4	196	587
4	197	422
4	206	422
4	231	612
4	239	412
4	268	628
4	297	804
4	362	315
4	373	446
4	374	1022
4	397	418
4	411	308
4	427	588
4	432	353
4	438	650
4	461	1328
4	467	400
6	2	612
6	3	2325
6	12	2379
6	18	972
6	34	1490
6	35	538
6	36	2824
6	38	1925
6	55	1921
6	57	1554
6	73	504
6	102	4182
6	108	2471
6	123	259
6	130	992
6	135	989
6	140	918
6	142	288
6	145	2765
6	155	1817
6	171	4197
6	175	1808
6	181	926
6	193	3280
6	196	1637
6	197	2833
6	206	2347
6	231	3062
6	239	2442
6	249	1171
6	268	3257
6	274	1191
6	354	761
6	374	3664
6	394	731
6	397	1447
6	408	1462
6	411	1785
6	427	2928
6	438	2040
6	447	950
6	461	1800
6	467	1040
6	470	1090
6	483	1846
6	486	946
8	2	962
8	12	1316
8	18	1205
8	36	1688
8	38	2658
8	39	788
8	55	933
8	70	1196
8	102	1875
8	130	391
8	135	1320
8	136	847
8	145	3294
8	155	1433
8	171	2204
8	175	3300
8	181	516
8	193	2429
8	196	1326
8	206	1465
8	215	725
8	231	1813
8	239	1786
8	246	694
8	268	1405
8	279	1034
8	332	1378
8	354	935
8	368	758
8	374	3814
8	397	1408
8	408	1379
8	427	2973
8	438	1837
8	448	2096
8	461	1267
8	463	1868
8	467	1552
8	483	1306
8	502	1025
12	2	799
12	3	2053
12	6	2379
12	8	1316
12	18	779
12	34	1327
12	36	976
12	38	1560
12	39	958
12	100	966
12	102	3247
12	108	943
12	117	1752
12	121	821
12	123	748
12	125	1003
12	130	805
12	135	1468
12	136	1522
12	142	292
12	145	2930
12	171	2733
12	175	785
12	176	1274
12	181	873
12	193	1155
12	196	875
12	197	1932
12	198	1080
12	215	681
12	231	1604
12	239	1200
12	268	1663
12	274	1140
12	279	1510
12	354	691
12	373	1478
12	374	3403
12	397	785
12	427	2044
12	438	1725
12	443	1367
12	461	1540
12	470	1776
12	500	774
18	0	765
18	3	4660
18	4	630
18	6	972
18	8	1205
18	12	779
18	36	9281
18	38	19526
18	39	7372
18	55	8122
18	57	950
18	69	475
18	70	1099
18	73	325
18	78	279
18	81	2768
18	83	1163
18	100	1236
18	102	18151
18	108	2316
18	111	5385
18	117	6106
18	119	547
18	121	6885
18	130	429
18	135	24038
18	136	4056
18	140	1771
18	145	26364
18	155	8225
18	171	27499
18	175	41495
18	176	2979
18	178	1848
18	183	627
18	187	438
18	193	24770
18	196	18550
18	197	13733
18	201	2663
18	206	17572
18	215	847
18	231	20322
18	232	4829
18	239	12339
18	249	7427
18	251	2617
18	268	17800
18	274	1300
18	279	491
18	297	2776
18	332	1809
18	333	1349
18	344	1541
18	354	835
18	359	1003
18	362	2445
18	364	3997
18	365	341
18	366	11902
18	368	6837
18	373	973
18	374	38128
18	384	6123
18	394	374
18	397	5770
18	408	1723
18	411	4681
18	420	757
18	424	776
18	427	19418
18	432	15132
18	438	7990
18	443	747
18	447	2441
18	448	5114
18	461	23899
18	466	1491
18	467	12556
18	470	541
18	481	296
18	483	4657
18	486	514
18	500	1673
18	502	9218
34	3	1168
34	6	1490
34	12	1327
34	35	631
34	38	672
34	55	486
34	57	2762
34	102	2081
34	117	1452
34	123	889
34	135	667
34	136	638
34	142	510
34	145	2881
34	155	551
34	171	1775
34	175	998
34	193	1503
34	196	691
34	197	1033
34	206	1008
34	231	1159
34	249	561
34	268	2269
34	343	670
34	374	1533
34	411	936
34	427	530
34	453	963
34	461	754
34	463	1070
34	470	2281
34	483	1426
35	6	538
35	34	631
35	36	324
35	39	326
35	55	617
35	69	446
35	102	829
35	117	523
35	121	315
35	123	569
35	136	359
35	137	703
35	145	922
35	171	442
35	193	356
35	231	855
35	268	1007
35	274	943
35	297	602
35	362	334
35	373	778
35	374	1112
35	397	381
35	408	318
35	427	589
35	438	807
35	453	704
35	461	570
35	463	853
35	467	425
35	470	573
36	0	3045
36	3	7653
36	6	2824
36	8	1688
36	12	976
36	18	9281
36	35	324
36	38	17784
36	39	3600
36	55	11278
36	57	1214
36	69	705
36	70	658
36	73	537
36	78	531
36	81	3833
36	102	15284
36	108	2315
36	111	8746
36	117	6319
36	121	3905
36	123	404
36	130	756
36	135	8158
36	136	17995
36	137	2232
36	140	1318
36	145	22815
36	155	8887
36	171	26048
36	175	22442
36	176	4042
36	178	11277
36	181	1229
36	193	17207
36	196	17725
36	197	6242
36	201	269
36	206	5937
36	215	594
36	231	9998
36	239	14416
36	246	553
36	249	4857
36	251	2747
36	259	344
36	263	379
36	268	13792
36	274	1004
36	279	970
36	297	3384
36	332	2710
36	333	508
36	344	1128
36	354	516
36	362	6245
36	364	3531
36	365	1635
36	366	17310
36	368	6477
36	373	824
36	374	20812
36	384	2041
36	394	1258
36	397	33273
36	404	1341
36	408	2341
36	411	1432
36	420	3431
36	427	20232
36	432	8246
36	438	17316
36	443	608
36	447	9074
36	448	6105
36	461	13551
36	463	1686
36	466	2600
36	467	7596
36	470	540
36	481	1226
36	483	4839
36	486	2275
36	502	8365
38	2	797
38	3	8790
38	4	582
38	6	1925
38	8	2658
38	12	1560
38	18	19526
38	34	672
38	36	17784
38	39	6122
38	55	2712
38	69	1128
38	73	565
38	78	751
38	81	3021
38	100	691
38	102	16999
38	103	351
38	108	1937
38	111	5086
38	117	5145
38	119	271
38	121	5862
38	130	383
38	135	14375
38	136	6168
38	137	2061
38	140	2967
38	142	376
38	145	22625
38	155	9126
38	171	23790
38	175	42082
38	176	2619
38	187	753
38	193	19937
38	196	20137
38	197	10600
38	206	9344
38	215	835
38	231	12767
38	239	17218
38	246	414
38	249	5894
38	251	3901
38	263	406
38	268	17482
38	274	1298
38	279	736
38	297	6044
38	332	2383
38	333	2070
38	344	1255
38	354	492
38	359	1475
38	362	1701
38	364	2250
38	365	987
38	366	12611
38	368	6582
38	374	25302
38	384	959
38	394	1119
38	397	8307
38	404	1625
38	408	1870
38	411	4731
38	427	22634
38	432	12584
38	438	13984
38	448	7778
38	453	429
38	461	24036
38	463	2485
38	466	2081
38	467	9532
38	470	575
38	483	5340
38	486	660
38	500	2727
38	502	9580
39	3	3007
39	4	790
39	8	788
39	12	958
39	18	7372
39	35	326
39	36	3600
39	38	6122
39	55	2678
39	69	1851
39	70	1322
39	73	318
39	81	2659
39	83	1961
39	102	9448
39	111	6164
39	119	1129
39	121	5079
39	135	5133
39	136	2407
39	145	8755
39	155	3329
39	171	7433
39	175	10623
39	178	3642
39	193	8255
39	196	4870
39	201	5315
39	206	13318
39	231	4716
39	232	7311
39	239	6512
39	251	1556
39	259	2880
39	263	340
39	268	5695
39	274	654
39	279	444
39	297	1916
39	333	2792
39	342	2774
39	359	3368
39	362	2637
39	364	741
39	365	209
39	366	2297
39	373	727
39	374	12082
39	384	987
39	394	1139
39	397	2262
39	404	2871
39	424	923
39	427	7576
39	432	3313
39	438	6753
39	443	823
39	461	10973
39	483	1594
39	502	5307
43	470	1015
48	78	513
48	178	2379
48	394	614
48	461	3740
55	4	602
55	6	1921
55	8	933
55	18	8122
55	34	486
55	35	617
55	36	11278
55	38	2712
55	39	2678
55	69	450
55	70	793
55	81	1255
55	83	798
55	100	1146
55	102	12110
55	108	2185
55	111	2610
55	117	3001
55	121	3509
55	135	10771
55	137	768
55	140	1614
55	145	12354
55	171	19388
55	175	37478
55	176	1664
55	181	521
55	193	13154
55	196	17416
55	201	323
55	231	11426
55	239	14427
55	251	1964
55	268	11324
55	274	761
55	332	1120
55	333	570
55	354	784
55	362	1210
55	364	1578
55	365	918
55	366	8857
55	374	17562
55	397	8785
55	408	6435
55	411	4367
55	420	2162
55	424	531
55	427	12333
55	432	10904
55	438	12614
55	447	5467
55	461	15887
55	463	2876
55	467	11684
55	483	2499
55	500	935
55	502	9484
57	3	1611
57	4	461
57	6	1554
57	18	950
57	34	2762
57	36	1214
57	102	3927
57	117	2118
57	123	546
57	130	956
57	135	1124
57	145	4892
57	155	686
57	171	2018
57	175	605
57	176	608
57	181	777
57	193	1075
57	196	924
57	197	2275
57	206	1576
57	231	2007
57	239	1320
57	246	320
57	268	2202
57	289	818
57	373	983
57	374	2094
57	411	1953
57	427	2418
57	438	2352
57	448	1220
57	453	922
57	461	2987
57	463	693
57	467	896
57	470	1609
68	259	846
68	333	742
69	4	443
69	18	475
69	35	446
69	36	705
69	38	1128
69	39	1851
69	55	450
69	102	1168
69	117	449
69	135	632
69	145	2006
69	155	563
69	171	1196
69	175	1263
69	178	947
69	187	615
69	193	1387
69	196	804
69	197	791
69	206	590
69	231	833
69	249	476
69	259	573
69	268	1383
69	274	671
69	297	464
69	359	801
69	374	1745
69	397	988
69	404	901
69	405	692
69	427	624
69	438	636
69	461	1725
69	467	802
69	502	921
70	0	2968
70	8	1196
70	18	1099
70	36	658
70	39	1322
70	55	793
70	102	1732
70	135	853
70	136	1830
70	137	1684
70	145	2073
70	155	1535
70	171	1304
70	175	2235
70	178	1758
70	187	366
70	193	1117
70	196	1729
70	206	706
70	231	1245
70	239	2082
70	268	1546
70	279	708
70	365	433
70	366	712
70	374	2069
70	397	974
70	404	877
70	427	1688
70	438	1833
70	447	1239
70	448	1431
70	461	2551
70	466	770
70	481	1342
70	483	646
73	0	1593
73	3	355
73	6	504
73	18	325
73	36	537
73	38	565
73	39	318
73	102	1454
73	117	349
73	135	394
73	136	294
73	137	1146
73	145	1079
73	155	269
73	171	607
73	175	1457
73	193	510
73	196	597
73	216	416
73	231	735
73	251	1619
73	268	423
73	297	650
73	351	387
73	364	497
73	374	808
73	427	805
73	438	898
73	448	315
73	461	445
73	481	1044
73	483	930
78	3	747
78	18	279
78	36	531
78	38	751
78	48	513
78	102	353
78	121	782
78	135	1388
78	136	1564
78	145	1133
78	155	1336
78	171	563
78	175	1457
78	178	3339
78	183	587
78	193	324
78	196	771
78	206	264
78	231	1178
78	232	301
78	249	1247
78	251	310
78	268	1427
78	297	923
78	340	499
78	353	408
78	359	772
78	374	2182
78	394	667
78	397	1340
78	427	767
78	438	690
78	461	3798
78	502	376
81	18	2768
81	36	3833
81	38	3021
81	39	2659
81	55	1255
81	102	3946
81	117	1879
81	135	1801
81	136	1999
81	145	3615
81	155	2797
81	171	3202
81	175	4268
81	193	4951
81	196	3818
81	206	2692
81	231	3387
81	239	3447
81	259	749
81	263	787
81	268	4311
81	332	1405
81	333	866
81	344	980
81	362	752
81	374	3614
81	384	732
81	397	2322
81	408	702
81	427	2668
81	438	3511
81	448	1731
81	461	2458
81	467	1588
81	502	1350
83	3	960
83	18	1163
83	39	1961
83	55	798
83	102	2399
83	103	1479
83	111	790
83	117	1902
83	119	229
83	135	1630
83	145	4011
83	155	1185
83	171	2802
83	175	2837
83	193	3055
83	196	1968
83	197	2502
83	201	1308
83	206	4075
83	215	908
83	231	1792
83	232	2096
83	239	1849
83	249	2008
83	268	2448
83	362	788
83	374	4000
83	384	1197
83	397	932
83	427	3626
83	438	3749
83	443	517
83	447	2194
83	448	956
83	461	2465
83	467	997
83	483	1673
83	486	1547
100	3	671
100	12	966
100	18	1236
100	38	691
100	55	1146
100	102	1725
100	111	1655
100	130	749
100	135	709
100	145	1362
100	171	2399
100	175	1654
100	183	873
100	187	668
100	193	2718
100	196	1061
100	197	1160
100	206	695
100	231	842
100	239	1268
100	268	1338
100	279	1037
100	280	898
100	373	1564
100	374	1140
100	397	817
100	404	1092
100	427	1053
100	438	700
100	447	1092
100	460	972
100	461	1108
100	463	604
100	467	1037
100	470	886
100	483	727
102	0	860
102	2	720
102	3	10423
102	4	998
102	6	4182
102	8	1875
102	12	3247
102	18	18151
102	34	2081
102	35	829
102	36	15284
102	38	16999
102	39	9448
102	55	12110
102	57	3927
102	69	1168
102	70	1732
102	73	1454
102	78	353
102	81	3946
102	83	2399
102	100	1725
102	103	824
102	108	1998
102	111	6972
102	117	7983
102	119	215
102	121	9828
102	123	1146
102	130	717
102	135	13800
102	136	8975
102	137	1604
102	140	3795
102	142	807
102	145	33236
102	155	8615
102	171	21869
102	175	44039
102	176	4330
102	178	4117
102	181	726
102	183	1448
102	187	675
102	193	26436
102	196	24048
102	197	13291
102	201	502
102	206	12588
102	215	1298
102	231	21335
102	232	496
102	239	19314
102	246	1387
102	249	16123
102	251	5242
102	259	1352
102	268	30262
102	274	2225
102	279	1271
102	297	5900
102	332	3314
102	333	2793
102	344	2051
102	354	839
102	359	1297
102	362	8637
102	364	4371
102	365	628
102	366	10100
102	368	9822
102	373	2018
102	374	36820
102	384	8049
102	394	1199
102	397	10466
102	404	1951
102	408	3853
102	411	8619
102	420	1528
102	424	1250
102	427	35354
102	432	14999
102	438	21632
102	443	698
102	447	4479
102	448	7020
102	453	1155
102	461	25337
102	463	5534
102	466	4422
102	467	13961
102	470	2665
102	483	6943
102	486	981
102	500	2044
102	502	9336
103	2	531
103	4	425
103	38	351
103	83	1479
103	102	824
103	117	1053
103	135	359
103	136	612
103	137	705
103	145	1847
103	155	680
103	171	594
103	175	569
103	183	736
103	187	515
103	197	400
103	206	343
103	231	444
103	239	570
103	268	744
103	366	363
103	374	670
103	397	597
103	420	1002
103	427	556
103	432	400
103	438	438
103	447	1122
103	461	719
103	463	698
103	470	1000
103	483	823
103	486	1238
108	6	2471
108	12	943
108	18	2316
108	36	2315
108	38	1937
108	55	2185
108	102	1998
108	117	768
108	135	881
108	136	1709
108	145	3717
108	171	3464
108	175	2597
108	193	2698
108	196	1416
108	231	1102
108	239	1780
108	249	2397
108	268	1479
108	333	447
108	354	635
108	362	678
108	365	376
108	366	749
108	374	3609
108	397	2373
108	408	1562
108	411	843
108	420	1000
108	427	3523
108	432	856
108	443	490
108	447	1432
108	461	3726
108	466	551
108	486	989
108	502	990
111	3	4505
111	4	694
111	18	5385
111	36	8746
111	38	5086
111	39	6164
111	55	2610
111	83	790
111	100	1655
111	102	6972
111	117	3708
111	121	1961
111	135	3405
111	136	4853
111	140	1767
111	142	464
111	145	5070
111	155	2752
111	171	6626
111	175	7920
111	193	6983
111	196	4109
111	206	2272
111	231	4757
111	239	6152
111	246	705
111	249	3747
111	259	1661
111	268	4907
111	332	2453
111	333	1299
111	354	457
111	359	1813
111	362	3063
111	373	751
111	374	7855
111	384	810
111	397	5350
111	404	1152
111	411	3396
111	427	6849
111	432	2204
111	438	6031
111	443	732
111	447	2797
111	448	3954
111	461	7199
111	467	3380
111	500	1489
116	246	504
117	2	329
117	3	6837
117	4	587
117	12	1752
117	18	6106
117	34	1452
117	35	523
117	36	6319
117	38	5145
117	55	3001
117	57	2118
117	69	449
117	73	349
117	81	1879
117	83	1902
117	102	7983
117	103	1053
117	108	768
117	111	3708
117	123	581
117	130	1444
117	135	3467
117	140	1635
117	142	496
117	145	15370
117	155	3553
117	171	22003
117	175	11022
117	178	1260
117	183	1508
117	187	1009
117	193	9805
117	196	4214
117	201	1380
117	206	6361
117	231	5654
117	232	1822
117	239	5356
117	246	1971
117	249	1723
117	263	1075
117	268	7720
117	274	1924
117	297	4087
117	332	3610
117	344	436
117	354	742
117	359	1341
117	362	1832
117	366	1942
117	368	818
117	374	11760
117	394	368
117	397	5072
117	404	661
117	408	925
117	427	8529
117	432	2849
117	438	4413
117	448	6075
117	453	1056
117	461	5474
117	467	7044
117	483	5386
117	500	3398
119	3	262
119	18	547
119	38	271
119	39	1129
119	83	229
119	102	215
119	134	438
119	136	468
119	145	825
119	155	487
119	161	328
119	171	693
119	175	447
119	176	233
119	193	343
119	196	240
119	197	734
119	201	2061
119	206	3047
119	232	2436
119	268	701
119	305	437
119	342	1078
119	374	1133
119	427	560
119	438	672
119	448	228
119	455	382
119	461	458
119	467	304
119	502	439
121	3	5215
121	12	821
121	18	6885
121	35	315
121	36	3905
121	38	5862
121	39	5079
121	55	3509
121	78	782
121	102	9828
121	111	1961
121	135	8622
121	145	10816
121	155	6124
121	171	6690
121	175	9813
121	178	5628
121	193	11047
121	196	4963
121	206	3080
121	231	5967
121	239	4978
121	251	2494
121	268	7284
121	279	483
121	333	1467
121	354	454
121	362	5652
121	364	2127
121	365	290
121	374	10506
121	394	1162
121	404	693
121	408	718
121	424	1221
121	427	4538
121	432	1605
121	438	6146
121	443	322
121	447	1338
121	453	928
121	461	13563
121	467	1904
123	3	285
123	6	259
123	12	748
123	34	889
123	35	569
123	36	404
123	57	546
123	102	1146
123	117	581
123	133	810
123	135	456
123	137	479
123	145	529
123	151	690
123	171	600
123	193	394
123	196	432
123	197	1829
123	206	323
123	220	1281
123	268	579
123	274	519
123	374	579
123	438	549
123	448	345
123	453	512
123	461	397
123	463	2183
123	467	1669
123	502	262
125	12	1003
125	443	1261
130	3	945
130	6	992
130	8	391
130	12	805
130	18	429
130	36	756
130	38	383
130	57	956
130	100	749
130	102	717
130	117	1444
130	135	475
130	136	521
130	142	476
130	145	2320
130	175	771
130	193	1379
130	197	992
130	231	704
130	239	930
130	249	732
130	251	439
130	268	977
130	332	730
130	359	655
130	373	721
130	374	1512
130	375	532
130	427	527
130	438	425
130	448	757
130	460	481
130	461	883
133	123	810
134	119	438
134	201	567
134	232	1009
135	0	1543
135	2	997
135	3	7462
135	4	961
135	6	989
135	8	1320
135	12	1468
135	18	24038
135	34	667
135	36	8158
135	38	14375
135	39	5133
135	55	10771
135	57	1124
135	69	632
135	70	853
135	73	394
135	78	1388
135	81	1801
135	83	1630
135	100	709
135	102	13800
135	103	359
135	108	881
135	111	3405
135	117	3467
135	121	8622
135	123	456
135	130	475
135	136	8746
135	137	2675
135	140	2630
135	145	27166
135	155	6115
135	171	27757
135	175	58063
135	176	3249
135	178	5656
135	181	809
135	183	1370
135	187	391
135	193	26433
135	196	27960
135	197	10114
135	206	12048
135	215	1042
135	231	22561
135	232	563
135	239	18737
135	249	10292
135	251	3540
135	268	25638
135	274	2100
135	279	800
135	297	2007
135	332	1344
135	333	1091
135	344	1204
135	354	549
135	359	916
135	362	8575
135	364	5908
135	365	950
135	366	16201
135	368	13632
135	373	1615
135	374	35910
135	384	6537
135	394	669
135	397	11048
135	404	1069
135	408	3075
135	411	4379
135	420	1207
135	424	630
135	427	29850
135	432	17923
135	438	13973
135	443	422
135	447	3194
135	448	4664
135	453	580
135	461	24770
135	463	2391
135	466	5985
135	467	20405
135	483	3578
135	486	1219
135	500	3183
135	502	9235
136	2	321
136	3	5777
136	8	847
136	12	1522
136	18	4056
136	34	638
136	35	359
136	36	17995
136	38	6168
136	39	2407
136	70	1830
136	73	294
136	78	1564
136	81	1999
136	102	8975
136	103	612
136	108	1709
136	111	4853
136	119	468
136	130	521
136	135	8746
136	145	12807
136	171	15932
136	175	20808
136	178	8190
136	183	1432
136	187	634
136	193	8375
136	196	9417
136	197	4152
136	206	3872
136	215	526
136	231	7441
136	232	375
136	239	7033
136	263	307
136	268	6839
136	274	1536
136	279	1025
136	297	3246
136	332	2493
136	362	2093
136	364	2220
136	365	990
136	366	8887
136	368	8082
136	374	8351
136	384	1961
136	394	1687
136	397	4316
136	408	1112
136	420	1657
136	424	456
136	427	6251
136	438	9736
136	443	521
136	447	1323
136	461	15382
136	463	2924
136	466	651
136	467	10307
136	481	660
136	500	2251
137	0	10454
137	4	544
137	35	703
137	36	2232
137	38	2061
137	55	768
137	70	1684
137	73	1146
137	102	1604
137	103	705
137	123	479
137	135	2675
137	142	296
137	145	1366
137	151	2212
137	155	2267
137	171	2783
137	175	4637
137	193	2365
137	196	1031
137	197	960
137	231	1845
137	239	829
137	251	5664
137	268	1200
137	364	844
137	365	730
137	366	1673
137	368	711
137	374	1763
137	427	3023
137	438	2942
137	447	4437
137	461	2239
137	467	1152
137	481	6456
137	483	2800
140	3	1189
140	6	918
140	18	1771
140	36	1318
140	38	2967
140	55	1614
140	102	3795
140	111	1767
140	117	1635
140	135	2630
140	142	996
140	145	3809
140	171	4450
140	175	5432
140	176	1703
140	183	605
140	193	4943
140	196	2183
140	197	2099
140	206	2267
140	231	3906
140	239	2698
140	251	931
140	268	2428
140	274	667
140	332	1983
140	366	1284
140	373	1251
140	374	3127
140	384	1735
140	397	1602
140	404	1312
140	427	3451
140	432	2101
140	438	2157
140	448	1939
140	461	2517
140	467	1640
140	483	2211
140	502	1406
142	6	288
142	12	292
142	34	510
142	38	376
142	102	807
142	111	464
142	117	496
142	130	476
142	137	296
142	140	996
142	145	1057
142	155	675
142	171	329
142	175	333
142	181	375
142	193	795
142	196	572
142	206	325
142	226	538
142	231	1082
142	249	368
142	268	1031
142	289	365
142	359	311
142	374	707
142	383	398
142	427	618
142	438	574
142	448	904
142	461	578
142	463	469
142	467	375
142	486	473
145	0	813
145	2	965
145	3	16884
145	4	1184
145	6	2765
145	8	3294
145	12	2930
145	18	26364
145	34	2881
145	35	922
145	36	22815
145	38	22625
145	39	8755
145	55	12354
145	57	4892
145	69	2006
145	70	2073
145	73	1079
145	78	1133
145	81	3615
145	83	4011
145	100	1362
145	102	33236
145	103	1847
145	108	3717
145	111	5070
145	117	15370
145	119	825
145	121	10816
145	123	529
145	130	2320
145	135	27166
145	136	12807
145	137	1366
145	140	3809
145	142	1057
145	155	12658
145	171	38142
145	175	48462
145	176	5962
145	178	5968
145	181	1347
145	183	2346
145	187	1627
145	193	35500
145	196	22974
145	197	18473
145	201	519
145	206	15572
145	215	1203
145	231	27186
145	232	713
145	239	22189
145	246	780
145	249	20092
145	251	6507
145	259	502
145	263	515
145	268	29451
145	274	1955
145	279	529
145	297	5401
145	332	4232
145	333	1976
145	344	2474
145	354	1521
145	359	1817
145	362	8883
145	364	414
145	366	1735
145	368	1525
145	373	1651
145	374	42445
145	384	6676
145	394	1196
145	397	15722
145	404	1963
145	408	4382
145	411	10704
145	420	1395
145	424	1325
145	427	31327
145	432	17881
145	438	25302
145	443	650
145	447	6572
145	448	8696
145	453	974
145	461	40793
145	463	6273
145	466	3989
145	467	16975
145	470	2441
145	481	393
145	483	10006
145	486	2979
145	500	3207
145	502	11098
151	0	3505
151	123	690
151	137	2212
151	251	2154
151	481	2138
155	0	2898
155	2	336
155	3	3626
155	6	1817
155	8	1433
155	18	8225
155	34	551
155	36	8887
155	38	9126
155	39	3329
155	57	686
155	69	563
155	70	1535
155	73	269
155	78	1336
155	81	2797
155	83	1185
155	102	8615
155	103	680
155	111	2752
155	117	3553
155	119	487
155	121	6124
155	135	6115
155	137	2267
155	142	675
155	145	12658
155	171	14754
155	175	22596
155	176	2875
155	178	5697
155	181	859
155	183	770
155	193	10904
155	196	14434
155	197	5606
155	215	482
155	231	12293
155	239	8735
155	249	7308
155	259	281
155	268	14428
155	274	1157
155	297	3526
155	333	555
155	359	1819
155	362	5582
155	365	1522
155	366	8946
155	368	3690
155	373	1354
155	374	20004
155	384	3951
155	394	1226
155	397	8190
155	404	1113
155	408	3816
155	424	906
155	427	14363
155	432	8248
155	438	6347
155	443	353
155	447	5490
155	453	734
155	461	27758
155	463	2832
155	466	2231
155	467	15197
155	481	1862
155	483	4109
155	486	558
161	119	328
161	408	1761
171	0	1745
171	3	14432
171	4	1061
171	6	4197
171	8	2204
171	12	2733
171	18	27499
171	34	1775
171	35	442
171	36	26048
171	38	23790
171	39	7433
171	55	19388
171	57	2018
171	69	1196
171	70	1304
171	73	607
171	78	563
171	81	3202
171	83	2802
171	100	2399
171	102	21869
171	103	594
171	108	3464
171	111	6626
171	117	22003
171	119	693
171	121	6690
171	123	600
171	135	27757
171	136	15932
171	137	2783
171	140	4450
171	142	329
171	145	38142
171	155	14754
171	175	58823
171	176	4936
171	178	6565
171	181	1636
171	183	1790
171	187	951
171	193	33590
171	196	31506
171	197	31873
171	201	833
171	206	10338
171	215	2745
171	231	26628
171	232	2049
171	239	27992
171	246	526
171	249	12103
171	251	6167
171	259	640
171	268	32296
171	274	1202
171	279	1497
171	297	5242
171	332	4779
171	333	3216
171	344	2834
171	354	1095
171	359	1791
171	362	9394
171	364	5928
171	365	1216
171	366	18151
171	368	9448
171	373	2016
171	374	43941
171	384	8843
171	394	743
171	397	12773
171	404	1389
171	408	3412
171	411	10043
171	420	2000
171	424	963
171	427	23562
171	432	4719
171	438	19183
171	443	427
171	447	3488
171	448	7691
171	453	484
171	461	35150
171	463	4112
171	466	3834
171	467	6051
171	470	2315
171	481	359
171	483	9014
171	486	1272
171	500	4106
171	502	11119
173	443	403
173	481	765
175	0	3593
175	2	585
175	3	13770
175	4	572
175	6	1808
175	8	3300
175	12	785
175	18	41495
175	34	998
175	36	22442
175	38	42082
175	39	10623
175	55	37478
175	57	605
175	69	1263
175	70	2235
175	73	1457
175	78	1457
175	81	4268
175	83	2837
175	100	1654
175	102	44039
175	103	569
175	108	2597
175	111	7920
175	117	11022
175	119	447
175	121	9813
175	130	771
175	135	58063
175	136	20808
175	137	4637
175	140	5432
175	142	333
175	145	48462
175	155	22596
175	171	58823
175	176	5644
175	178	11280
175	181	931
175	183	1476
175	193	16109
175	196	48356
175	197	20693
175	206	21651
175	215	1809
175	231	32907
175	232	546
175	239	40431
175	246	407
175	249	8323
175	251	8951
175	259	572
175	263	452
175	268	32220
175	274	2360
175	279	915
175	297	5182
175	332	2149
175	333	1515
175	344	1773
175	354	892
175	359	2125
175	362	23104
175	364	11439
175	365	2941
175	366	32317
175	368	27530
175	373	2703
175	374	61043
175	384	21832
175	394	824
175	397	24501
175	404	2403
175	408	4752
175	411	8480
175	420	2141
175	424	1440
175	427	48662
175	432	34821
175	438	32494
175	443	1545
175	447	6412
175	448	9366
175	453	1045
175	461	42787
175	463	4295
175	466	7057
175	467	31767
175	470	2400
175	481	1388
175	483	7728
175	486	1478
175	500	3949
175	502	21679
176	3	2718
176	12	1274
176	18	2979
176	36	4042
176	38	2619
176	55	1664
176	57	608
176	102	4330
176	119	233
176	135	3249
176	140	1703
176	145	5962
176	155	2875
176	171	4936
176	175	5644
176	178	833
176	193	5709
176	196	2672
176	206	2781
176	231	4404
176	239	3370
176	251	1793
176	263	901
176	268	4372
176	333	437
176	362	1155
176	366	1637
176	374	3439
176	427	5392
176	432	1822
176	438	3839
176	447	1108
176	448	2511
176	461	4530
176	463	1035
176	467	2433
176	500	1436
176	502	3033
178	4	701
178	18	1848
178	36	11277
178	39	3642
178	48	2379
178	69	947
178	70	1758
178	78	3339
178	102	4117
178	117	1260
178	121	5628
178	135	5656
178	136	8190
178	145	5968
178	155	5697
178	171	6565
178	175	11280
178	176	833
178	193	3266
178	196	4918
178	197	1314
178	206	1366
178	231	6600
178	239	2754
178	249	4030
178	263	273
178	268	6264
178	297	1052
178	359	2775
178	362	2625
178	364	1981
178	366	5280
178	374	8615
178	394	2097
178	397	10798
178	411	1653
178	420	1961
178	427	5026
178	432	2109
178	438	3647
178	447	5863
178	448	1627
178	461	10953
178	467	4968
180	279	743
181	3	628
181	6	926
181	8	516
181	12	873
181	36	1229
181	55	521
181	57	777
181	102	726
181	135	809
181	142	375
181	145	1347
181	155	859
181	171	1636
181	175	931
181	193	1352
181	196	961
181	197	1068
181	206	642
181	231	930
181	239	733
181	268	1463
181	365	363
181	373	838
181	374	701
181	397	815
181	404	807
181	420	793
181	427	571
181	438	1198
181	444	631
181	461	981
181	466	496
181	467	982
181	502	946
183	18	627
183	78	587
183	100	873
183	102	1448
183	103	736
183	117	1508
183	135	1370
183	136	1432
183	140	605
183	145	2346
183	155	770
183	171	1790
183	175	1476
183	187	356
183	193	2270
183	196	1229
183	197	1609
183	206	1229
183	231	1430
183	239	1222
183	246	926
183	249	1486
183	268	1574
183	297	609
183	332	587
183	374	1769
183	397	751
183	420	1032
183	427	1900
183	432	865
183	438	1829
183	448	739
183	453	927
183	461	2073
183	463	1036
183	465	836
183	467	929
183	483	1416
187	3	799
187	18	438
187	38	753
187	69	615
187	70	366
187	100	668
187	102	675
187	103	515
187	117	1009
187	135	391
187	136	634
187	145	1627
187	171	951
187	183	356
187	193	481
187	197	726
187	206	805
187	231	566
187	239	734
187	268	791
187	297	412
187	332	468
187	373	899
187	374	1890
187	420	667
187	427	1535
187	448	720
187	461	659
187	463	692
187	467	520
187	486	716
193	2	398
193	3	14129
193	4	637
193	6	3280
193	8	2429
193	12	1155
193	18	24770
193	34	1503
193	35	356
193	36	17207
193	38	19937
193	39	8255
193	55	13154
193	57	1075
193	69	1387
193	70	1117
193	73	510
193	78	324
193	81	4951
193	83	3055
193	100	2718
193	102	26436
193	108	2698
193	111	6983
193	117	9805
193	119	343
193	121	11047
193	123	394
193	130	1379
193	135	26433
193	136	8375
193	137	2365
193	140	4943
193	142	795
193	145	35500
193	155	10904
193	171	33590
193	175	16109
193	176	5709
193	178	3266
193	181	1352
193	183	2270
193	187	481
193	196	18879
193	197	18932
193	206	15117
193	215	1525
193	231	20765
193	239	15278
193	246	522
193	249	9573
193	251	7146
193	259	621
193	263	1047
193	268	28566
193	274	1992
193	279	947
193	297	4113
193	332	4636
193	333	1951
193	344	2944
193	354	875
193	359	1613
193	362	6653
193	364	6175
193	365	902
193	366	10845
193	368	9074
193	373	3858
193	374	39458
193	384	7099
193	394	646
193	397	11252
193	404	1916
193	408	2688
193	411	10301
193	420	1674
193	424	2428
193	427	34678
193	432	15567
193	438	22316
193	443	1681
193	447	3350
193	448	8882
193	453	1767
193	461	24671
193	463	4398
193	466	2831
193	467	12993
193	470	1432
193	481	256
193	483	10495
193	486	1383
193	500	4779
193	502	13929
196	0	922
196	2	628
196	3	5611
196	4	587
196	6	1637
196	8	1326
196	12	875
196	18	18550
196	34	691
196	36	17725
196	38	20137
196	39	4870
196	55	17416
196	57	924
196	69	804
196	70	1729
196	73	597
196	78	771
196	81	3818
196	83	1968
196	100	1061
196	102	24048
196	108	1416
196	111	4109
196	117	4214
196	119	240
196	121	4963
196	123	432
196	135	27960
196	136	9417
196	137	1031
196	140	2183
196	142	572
196	145	22974
196	155	14434
196	171	31506
196	175	48356
196	176	2672
196	178	4918
196	181	961
196	183	1229
196	193	18879
196	197	10540
196	201	2596
196	206	14757
196	215	1424
196	231	11388
196	232	2828
196	239	24551
196	249	5797
196	251	3451
196	263	406
196	268	13851
196	274	1493
196	279	764
196	297	3267
196	332	1762
196	333	2522
196	344	1159
196	354	897
196	359	1247
196	362	10823
196	364	5009
196	365	1259
196	366	17843
196	368	16770
196	373	1244
196	374	21768
196	384	7698
196	397	14142
196	404	1655
196	408	2435
196	411	7192
196	424	554
196	427	23718
196	432	20053
196	438	21162
196	443	390
196	447	3570
196	448	11215
196	453	587
196	461	31129
196	463	2502
196	466	4626
196	467	17296
196	470	689
196	483	3507
196	486	723
196	500	2461
196	502	14330
197	0	553
197	3	9019
197	4	422
197	6	2833
197	12	1932
197	18	13733
197	34	1033
197	36	6242
197	38	10600
197	57	2275
197	69	791
197	83	2502
197	100	1160
197	102	13291
197	103	400
197	119	734
197	123	1829
197	130	992
197	135	10114
197	136	4152
197	137	960
197	140	2099
197	145	18473
197	155	5606
197	171	31873
197	175	20693
197	178	1314
197	181	1068
197	183	1609
197	187	726
197	193	18932
197	196	10540
197	201	1423
197	206	11404
197	231	12738
197	232	2395
197	239	11941
197	249	1614
197	251	2557
197	259	687
197	268	11652
197	297	3529
197	332	1276
197	364	1430
197	366	2638
197	368	1637
197	373	1548
197	374	21155
197	394	400
197	397	7578
197	408	3263
197	411	4503
197	420	780
197	424	1100
197	427	11455
197	438	8821
197	443	303
197	447	1981
197	448	6775
197	461	9157
197	463	3741
197	467	9254
197	470	1085
197	481	204
197	483	3846
197	486	978
197	500	1981
197	502	1753
198	12	1080
198	443	1166
201	3	903
201	18	2663
201	36	269
201	39	5315
201	55	323
201	83	1308
201	102	502
201	117	1380
201	119	2061
201	134	567
201	145	519
201	171	833
201	196	2596
201	197	1423
201	206	11329
201	215	832
201	231	317
201	232	9636
201	239	790
201	297	312
201	305	1173
201	342	1591
201	368	2211
201	374	4911
201	397	311
201	427	1559
201	432	415
201	438	1891
201	448	361
201	461	716
201	498	510
201	502	2995
204	263	714
206	0	459
206	2	726
206	3	7156
206	4	422
206	6	2347
206	8	1465
206	18	17572
206	34	1008
206	36	5937
206	38	9344
206	39	13318
206	57	1576
206	69	590
206	70	706
206	78	264
206	81	2692
206	83	4075
206	100	695
206	102	12588
206	103	343
206	111	2272
206	117	6361
206	119	3047
206	121	3080
206	123	323
206	135	12048
206	136	3872
206	140	2267
206	142	325
206	145	15572
206	171	10338
206	175	21651
206	176	2781
206	178	1366
206	181	642
206	183	1229
206	187	805
206	193	15117
206	196	14757
206	197	11404
206	201	11329
206	215	1693
206	231	9994
206	232	16720
206	239	11907
206	246	626
206	249	5376
206	259	259
206	263	645
206	268	15630
206	297	2334
206	332	2209
206	333	561
206	342	4629
206	344	1960
206	354	811
206	359	998
206	364	1814
206	366	6456
206	368	8206
206	374	27775
206	384	4525
206	394	419
206	397	5087
206	404	603
206	411	2825
206	420	951
206	427	11076
206	432	4271
206	438	9675
206	447	1785
206	448	5698
206	453	382
206	461	10442
206	466	2330
206	467	4091
206	470	605
206	483	2105
206	486	1027
206	500	2262
206	502	9710
215	8	725
215	12	681
215	18	847
215	36	594
215	38	835
215	83	908
215	102	1298
215	135	1042
215	136	526
215	145	1203
215	155	482
215	171	2745
215	175	1809
215	193	1525
215	196	1424
215	201	832
215	206	1693
215	231	677
215	232	1542
215	239	1433
215	249	878
215	268	1445
215	279	534
215	362	470
215	368	476
215	373	1155
215	374	1729
215	404	582
215	427	1523
215	432	442
215	438	1163
215	447	441
215	448	1692
215	461	654
215	467	476
216	73	416
220	123	1281
226	142	538
231	3	9278
231	4	612
231	6	3062
231	8	1813
231	12	1604
231	18	20322
231	34	1159
231	35	855
231	36	9998
231	38	12767
231	39	4716
231	55	11426
231	57	2007
231	69	833
231	70	1245
231	73	735
231	78	1178
231	81	3387
231	83	1792
231	100	842
231	102	21335
231	103	444
231	108	1102
231	111	4757
231	117	5654
231	121	5967
231	130	704
231	135	22561
231	136	7441
231	137	1845
231	140	3906
231	142	1082
231	145	27186
231	155	12293
231	171	26628
231	175	32907
231	176	4404
231	178	6600
231	181	930
231	183	1430
231	187	566
231	193	20765
231	196	11388
231	197	12738
231	201	317
231	206	9994
231	215	677
231	232	651
231	239	12380
231	246	576
231	249	5525
231	251	4177
231	259	394
231	263	983
231	268	17101
231	274	1649
231	279	761
231	297	7824
231	332	2867
231	333	1821
231	344	1057
231	354	1018
231	359	1950
231	362	5118
231	364	4319
231	366	10428
231	368	7632
231	373	1608
231	374	21084
231	384	4153
231	394	1395
231	397	9964
231	404	1026
231	408	8570
231	411	5750
231	420	954
231	424	807
231	427	21892
231	432	13947
231	438	13523
231	443	470
231	447	2501
231	448	8315
231	453	865
231	461	25556
231	463	3900
231	466	4831
231	467	17332
231	470	623
231	483	5605
231	486	628
231	500	2494
231	502	12661
232	18	4829
232	39	7311
232	78	301
232	83	2096
232	102	496
232	117	1822
232	119	2436
232	134	1009
232	135	563
232	136	375
232	145	713
232	171	2049
232	175	546
232	196	2828
232	197	2395
232	201	9636
232	206	16720
232	215	1542
232	231	651
232	263	532
232	268	1207
232	305	897
232	342	4378
232	366	412
232	368	2772
232	374	7012
232	397	485
232	427	1881
232	432	433
232	438	2936
232	455	936
232	467	505
232	502	2986
239	0	1744
239	2	505
239	3	6341
239	4	412
239	6	2442
239	8	1786
239	12	1200
239	18	12339
239	36	14416
239	38	17218
239	39	6512
239	55	14427
239	57	1320
239	70	2082
239	81	3447
239	83	1849
239	100	1268
239	102	19314
239	103	570
239	108	1780
239	111	6152
239	117	5356
239	121	4978
239	130	930
239	135	18737
239	136	7033
239	137	829
239	140	2698
239	145	22189
239	155	8735
239	171	27992
239	175	40431
239	176	3370
239	178	2754
239	181	733
239	183	1222
239	187	734
239	193	15278
239	196	24551
239	197	11941
239	201	790
239	206	11907
239	215	1433
239	231	12380
239	246	722
239	249	8217
239	251	4212
239	259	914
239	263	720
239	268	16454
239	274	1214
239	297	4341
239	332	2929
239	333	2133
239	344	1816
239	354	752
239	359	1153
239	362	4810
239	364	3983
239	365	1320
239	366	12580
239	368	5886
239	373	2104
239	374	21653
239	384	7215
239	394	983
239	397	8268
239	404	1855
239	408	2007
239	411	5582
239	420	1021
239	424	834
239	427	22462
239	432	12127
239	438	13526
239	447	3934
239	448	8455
239	461	21445
239	463	2987
239	466	3766
239	467	10260
239	470	2707
239	481	944
239	483	3500
239	486	1043
239	500	2688
239	502	12903
246	3	406
246	8	694
246	36	553
246	38	414
246	57	320
246	102	1387
246	111	705
246	116	504
246	117	1971
246	145	780
246	171	526
246	175	407
246	183	926
246	193	522
246	206	626
246	231	576
246	239	722
246	268	778
246	332	691
246	373	522
246	374	987
246	391	438
246	397	402
246	427	484
246	438	586
246	448	722
246	453	893
246	461	483
246	465	1192
246	483	1034
246	500	344
249	3	7940
249	6	1171
249	18	7427
249	34	561
249	36	4857
249	38	5894
249	69	476
249	78	1247
249	83	2008
249	102	16123
249	108	2397
249	111	3747
249	117	1723
249	130	732
249	135	10292
249	142	368
249	145	20092
249	155	7308
249	171	12103
249	175	8323
249	178	4030
249	183	1486
249	193	9573
249	196	5797
249	197	1614
249	206	5376
249	215	878
249	231	5525
249	239	8217
249	251	3831
249	268	8279
249	279	799
249	297	1426
249	332	1515
249	333	1495
249	359	1764
249	365	299
249	366	2610
249	368	2034
249	373	1255
249	374	12284
249	384	1036
249	394	952
249	397	3453
249	420	677
249	424	921
249	427	12437
249	438	8551
249	443	307
249	448	2872
249	453	432
249	461	23494
249	463	1295
249	466	2161
249	467	7538
249	481	197
249	486	508
249	500	2006
249	502	2744
251	0	9464
251	18	2617
251	36	2747
251	38	3901
251	39	1556
251	55	1964
251	73	1619
251	78	310
251	102	5242
251	121	2494
251	130	439
251	135	3540
251	137	5664
251	140	931
251	145	6507
251	151	2154
251	171	6167
251	175	8951
251	176	1793
251	193	7146
251	196	3451
251	197	2557
251	231	4177
251	239	4212
251	249	3831
251	268	3688
251	297	1227
251	344	1017
251	362	1510
251	365	1710
251	374	5559
251	397	1758
251	427	8143
251	432	1671
251	438	2766
251	447	4625
251	448	2985
251	461	5731
251	467	3495
251	481	5768
251	483	3040
251	502	3511
259	36	344
259	39	2880
259	68	846
259	69	573
259	81	749
259	102	1352
259	111	1661
259	145	502
259	155	281
259	171	640
259	175	572
259	193	621
259	197	687
259	206	259
259	231	394
259	239	914
259	263	639
259	268	543
259	296	1072
259	297	2264
259	302	661
259	333	708
259	374	1342
259	397	302
259	404	861
259	405	666
259	411	654
259	427	790
259	438	804
259	452	612
259	461	575
259	502	333
263	36	379
263	38	406
263	39	340
263	81	787
263	117	1075
263	136	307
263	145	515
263	175	452
263	176	901
263	178	273
263	193	1047
263	196	406
263	204	714
263	206	645
263	231	983
263	232	532
263	239	720
263	259	639
263	265	673
263	268	447
263	296	655
263	297	705
263	374	512
263	427	521
263	438	271
263	448	605
263	452	596
263	461	347
263	483	615
263	498	582
265	263	673
268	0	543
268	2	1211
268	3	7354
268	4	628
268	6	3257
268	8	1405
268	12	1663
268	18	17800
268	34	2269
268	35	1007
268	36	13792
268	38	17482
268	39	5695
268	55	11324
268	57	2202
268	69	1383
268	70	1546
268	73	423
268	78	1427
268	81	4311
268	83	2448
268	100	1338
268	102	30262
268	103	744
268	108	1479
268	111	4907
268	117	7720
268	119	701
268	121	7284
268	123	579
268	130	977
268	135	25638
268	136	6839
268	137	1200
268	140	2428
268	142	1031
268	145	29451
268	155	14428
268	171	32296
268	175	32220
268	176	4372
268	178	6264
268	181	1463
268	183	1574
268	187	791
268	193	28566
268	196	13851
268	197	11652
268	206	15630
268	215	1445
268	231	17101
268	232	1207
268	239	16454
268	246	778
268	249	8279
268	251	3688
268	259	543
268	263	447
268	274	2205
268	279	658
268	297	9314
268	332	3995
268	333	1598
268	344	2088
268	354	817
268	359	2311
268	362	5194
268	364	4475
268	365	1051
268	366	11813
268	368	5473
268	373	2416
268	374	27562
268	384	7490
268	394	1624
268	397	8715
268	404	1330
268	408	3528
268	411	9516
268	420	1478
268	424	1396
268	427	34115
268	432	14648
268	438	13794
268	443	1009
268	447	2605
268	448	7508
268	461	32508
268	463	4231
268	466	2760
268	467	12187
268	470	1417
268	481	285
268	483	6380
268	500	2560
268	502	14558
274	2	531
274	3	737
274	6	1191
274	12	1140
274	18	1300
274	35	943
274	36	1004
274	38	1298
274	39	654
274	55	761
274	69	671
274	102	2225
274	117	1924
274	123	519
274	135	2100
274	136	1536
274	140	667
274	145	1955
274	155	1157
274	171	1202
274	175	2360
274	193	1992
274	196	1493
274	231	1649
274	239	1214
274	268	2205
274	279	816
274	332	1024
274	354	891
274	362	678
274	374	2723
274	397	681
274	420	898
274	427	976
274	438	1421
274	461	1888
274	470	1757
274	502	822
279	2	447
279	3	527
279	8	1034
279	12	1510
279	18	491
279	36	970
279	38	736
279	39	444
279	70	708
279	100	1037
279	102	1271
279	121	483
279	135	800
279	136	1025
279	145	529
279	171	1497
279	175	915
279	180	743
279	193	947
279	196	764
279	215	534
279	231	761
279	249	799
279	268	658
279	274	816
279	354	741
279	374	933
279	397	468
279	420	682
279	427	567
279	438	575
279	461	849
279	463	490
279	470	1092
280	100	898
283	297	2890
283	408	4356
283	467	3962
289	57	818
289	142	365
289	486	604
296	259	1072
296	263	655
297	2	774
297	4	804
297	18	2776
297	35	602
297	36	3384
297	38	6044
297	39	1916
297	69	464
297	73	650
297	78	923
297	102	5900
297	117	4087
297	135	2007
297	136	3246
297	145	5401
297	155	3526
297	171	5242
297	175	5182
297	178	1052
297	183	609
297	187	412
297	193	4113
297	196	3267
297	197	3529
297	201	312
297	206	2334
297	231	7824
297	239	4341
297	249	1426
297	251	1227
297	259	2264
297	263	705
297	268	9314
297	283	2890
297	302	1631
